$ 1 5.0E-6 1.0312258501325766 50 5.0 50
w 32 32 384 32 0
w 384 32 384 96 0
w 160 80 208 80 0
150 240 128 256 128 0 2 5.0
w 32 288 96 288 0
152 128 144 192 144 0 2 5.0
w 128 160 64 160 0
w 64 160 64 208 0
w 128 128 32 128 0
150 96 272 192 272 0 2 5.0
I 224 272 288 272 0 0.5
w 192 272 224 272 0
w 192 144 240 144 0
w 208 80 208 112 0
w 208 112 240 112 0
w 208 192 208 224 0
w 208 224 288 224 0
150 320 256 352 256 0 2 0.0
w 288 224 288 240 0
w 288 240 320 240 0
w 288 272 320 272 0
w 256 128 304 128 0
w 192 272 192 208 0
w 192 208 320 208 0
w 304 128 320 128 0
w 320 128 320 176 0
152 320 192 368 192 0 2 5.0
I 416 96 480 96 0 0.5
I 432 256 480 256 0 0.5
w 384 96 416 96 0
w 368 192 384 192 0
w 384 192 384 304 0
w 208 192 192 144 0
w 160 80 32 32 0
w 96 256 32 128 0
w 64 208 32 288 0
w 352 256 432 256 0
150 496 112 576 112 0 2 0.0
w 480 96 496 96 0
w 496 128 352 256 0
150 480 176 528 176 0 2 5.0
w 384 96 480 160 0
w 480 256 480 192 0
152 544 240 592 240 0 2 5.0
w 528 176 544 224 0
w 576 112 544 256 0
L 32 32 32 80 0 1 false 5.0 0.0
L 32 128 64 96 0 1 false 5.0 0.0
L 32 288 32 320 0 1 false 5.0 0.0
w 592 240 576 320 0
M 560 288 512 272 0 2.5
w 560 288 576 320 0
M 416 304 464 304 0 2.5
w 384 304 416 304 0
